5,17,5,0,false
17,28,5,0,false
21,29,5,0,false
21,28,5,0,false
22,28,5,0,false
23,28,5,0,false
29,28,5,0,false
33,29,5,0,false
33,28,5,0,false
34,28,5,0,false
35,28,5,0,false
36,28,5,0,false
6,17,0,0,true
6,18,0,0,true
5,18,0,0,true
2,21,0,0,true
1,21,0,0,true
1,22,0,0,true
2,22,0,0,true
2,23,0,0,true
1,23,0,0,true
1,24,0,0,true
2,24,0,0,true
2,25,0,0,true
1,25,0,0,true
1,26,0,0,true
2,26,0,0,true
2,27,0,0,true
1,27,0,0,true
5,27,0,0,true
6,27,0,0,true
6,26,0,0,true
5,26,0,0,true
5,25,0,0,true
6,25,0,0,true
6,24,0,0,true
5,24,0,0,true
5,23,0,0,true
6,23,0,0,true
6,22,0,0,true
5,22,0,0,true
5,21,0,0,true
6,21,0,0,true
9,21,0,0,true
10,21,0,0,true
10,22,0,0,true
10,23,0,0,true
10,24,0,0,true
10,25,0,0,true
10,26,0,0,true
10,27,0,0,true
9,27,0,0,true
9,26,0,0,true
9,25,0,0,true
9,24,0,0,true
9,23,0,0,true
9,22,0,0,true
9,21,0,0,true
13,21,0,0,true
14,21,0,0,true
14,22,0,0,true
13,22,0,0,true
14,23,0,0,true
14,24,0,0,true
13,24,0,0,true
13,25,0,0,true
14,25,0,0,true
14,26,0,0,true
13,26,0,0,true
13,27,0,0,true
14,27,0,0,true
18,28,0,0,true
18,29,0,0,true
18,30,0,0,true
17,31,0,0,true
17,30,0,0,true
17,29,0,0,true
21,30,0,0,true
22,30,0,0,true
22,29,0,0,true
21,31,0,0,true
23,30,0,0,true
24,30,0,0,true
24,29,0,0,true
23,29,0,0,true
24,28,0,0,true
25,28,0,0,true
26,28,0,0,true
26,29,0,0,true
25,29,0,0,true
25,30,0,0,true
26,30,0,0,true
26,31,0,0,true
25,31,0,0,true
29,31,0,0,true
29,30,0,0,true
30,29,0,0,true
30,28,0,0,true
30,31,0,0,true
33,31,0,0,true
34,31,0,0,true
34,30,0,0,true
33,30,0,0,true
35,30,0,0,true
35,29,0,0,true
34,29,0,0,true
36,29,0,0,true
37,29,0,0,true
36,30,0,0,true
38,30,0,0,true
38,29,0,0,true
38,28,0,0,true
37,28,0,0,true
37,31,0,0,true
38,31,0,0,true
4,16,0,3,true
5,16,0,3,true
6,16,0,3,true
7,16,0,3,true
7,17,0,3,true
7,18,0,3,true
7,19,0,3,true
6,19,0,3,true
5,19,0,3,true
4,19,0,3,true
4,18,0,3,true
4,17,0,3,true
4,16,0,3,true
3,21,0,3,true
4,21,0,3,true
4,22,0,3,true
3,22,0,3,true
3,23,0,3,true
4,23,0,3,true
4,25,0,3,true
4,26,0,3,true
3,26,0,3,true
3,27,0,3,true
4,27,0,3,true
7,27,0,3,true
8,27,0,3,true
8,26,0,3,true
7,26,0,3,true
7,25,0,3,true
8,25,0,3,true
8,24,0,3,true
7,24,0,3,true
7,23,0,3,true
8,23,0,3,true
8,22,0,3,true
7,22,0,3,true
7,21,0,3,true
8,21,0,3,true
11,21,0,3,true
12,21,0,3,true
11,22,0,3,true
11,23,0,3,true
12,23,0,3,true
12,24,0,3,true
11,24,0,3,true
11,25,0,3,true
12,25,0,3,true
12,26,0,3,true
11,26,0,3,true
11,27,0,3,true
12,27,0,3,true
0,20,0,3,true
1,20,0,3,true
2,20,0,3,true
3,20,0,3,true
4,20,0,3,true
5,20,0,3,true
6,20,0,3,true
7,20,0,3,true
8,20,0,3,true
9,20,0,3,true
10,20,0,3,true
11,20,0,3,true
12,20,0,3,true
13,20,0,3,true
14,20,0,3,true
15,20,0,3,true
15,21,0,3,true
15,22,0,3,true
15,23,0,3,true
15,24,0,3,true
15,25,0,3,true
15,26,0,3,true
15,27,0,3,true
15,28,0,3,true
14,28,0,3,true
13,28,0,3,true
12,28,0,3,true
11,28,0,3,true
10,28,0,3,true
9,28,0,3,true
8,28,0,3,true
7,28,0,3,true
5,28,0,3,true
3,28,0,3,true
2,28,0,3,true
1,28,0,3,true
0,28,0,3,true
0,27,0,3,true
0,26,0,3,true
0,25,0,3,true
0,24,0,3,true
0,23,0,3,true
0,22,0,3,true
0,21,0,3,true
0,20,0,3,true
23,31,0,3,true
24,31,0,3,true
35,31,0,3,true
36,31,0,3,true
16,31,0,3,true
16,30,0,3,true
16,29,0,3,true
16,28,0,3,true
16,27,0,3,true
17,27,0,3,true
18,27,0,3,true
19,27,0,3,true
20,27,0,3,true
20,28,0,3,true
19,28,0,3,true
19,29,0,3,true
20,29,0,3,true
20,30,0,3,true
19,30,0,3,true
19,31,0,3,true
20,31,0,3,true
21,27,0,3,true
22,27,0,3,true
23,27,0,3,true
24,27,0,3,true
25,27,0,3,true
26,27,0,3,true
28,27,0,3,true
27,28,0,3,true
27,29,0,3,true
28,29,0,3,true
28,30,0,3,true
27,30,0,3,true
27,31,0,3,true
28,31,0,3,true
29,27,0,3,true
30,27,0,3,true
31,27,0,3,true
32,27,0,3,true
31,28,0,3,true
31,29,0,3,true
32,29,0,3,true
32,30,0,3,true
31,30,0,3,true
31,31,0,3,true
32,31,0,3,true
32,27,0,3,true
33,27,0,3,true
35,27,0,3,true
36,27,0,3,true
37,27,0,3,true
38,27,0,3,true
39,27,0,3,true
39,28,0,3,true
39,29,0,3,true
39,30,0,3,true
39,31,0,3,true
3,24,3,0,true
4,24,3,0,true
3,25,3,0,true
4,28,3,0,true
6,28,3,0,true
12,22,3,0,true
32,28,3,0,true
34,27,3,0,true
13,23,0,0,true
18,31,0,0,true
22,31,0,0,true
30,30,0,0,true
37,30,0,0,true
5,17,4,0,true
17,28,4,0,true
21,29,4,0,true
21,28,4,0,true
22,28,4,0,true
23,28,4,0,true
29,28,4,0,true
33,29,4,0,true
33,28,4,0,true
34,28,4,0,true
35,28,4,0,true
36,28,4,0,true
27,27,0,3,true
29,29,0,0,true
12,22,0,0,true
6,28,0,0,true
4,28,0,0,true
3,25,0,0,true
3,25,0,3,true
3,24,0,3,true
4,24,0,3,true
4,28,0,3,true
6,28,0,3,true
12,22,0,3,true
28,27,0,3,true
35,27,0,3,true
32,28,0,3,true
34,27,0,3,true
28,28,0,3,true
