1,10,4,0,true
1,9,4,0,true
2,9,4,0,true
17,10,4,0,true
17,9,4,0,true
18,9,4,0,true
25,10,4,0,true
25,9,4,0,true
26,9,4,0,true
9,3,4,0,true
9,2,4,0,true
9,1,4,0,true
10,1,4,0,true
11,1,4,0,true
3,9,0,0,true
4,9,0,0,true
5,9,0,0,true
6,9,0,0,true
6,10,0,0,true
5,10,0,0,true
4,10,0,0,true
3,10,0,0,true
2,10,0,0,true
2,11,0,0,true
3,11,0,0,true
1,11,0,0,true
12,10,0,0,true
11,10,0,0,true
10,9,0,0,true
11,9,0,0,true
12,9,0,0,true
13,9,0,0,true
14,9,0,0,true
18,10,0,0,true
19,10,0,0,true
19,9,0,0,true
20,9,0,0,true
20,10,0,0,true
20,11,0,0,true
21,11,0,0,true
21,10,0,0,true
21,9,0,0,true
22,9,0,0,true
22,10,0,0,true
22,11,0,0,true
25,11,0,0,true
25,12,0,0,true
26,12,0,0,true
26,11,0,0,true
26,10,0,0,true
26,13,0,0,true
27,13,0,0,true
27,12,0,0,true
27,11,0,0,true
27,9,0,0,true
28,9,0,0,true
28,10,0,0,true
28,11,0,0,true
28,12,0,0,true
28,13,0,0,true
29,13,0,0,true
29,12,0,0,true
29,11,0,0,true
29,10,0,0,true
29,9,0,0,true
30,9,0,0,true
30,10,0,0,true
30,11,0,0,true
30,12,0,0,true
8,16,0,3,true
9,16,0,3,true
10,16,0,3,true
11,16,0,3,true
11,17,0,3,true
11,18,0,3,true
11,19,0,3,true
10,19,0,3,true
9,19,0,3,true
8,19,0,3,true
8,18,0,3,true
8,17,0,3,true
9,17,0,3,true
10,17,0,3,true
10,18,0,3,true
9,18,0,3,true
12,11,0,3,true
11,12,0,3,true
9,10,0,3,true
8,10,0,3,true
8,11,0,3,true
8,9,0,3,true
9,8,0,3,true
10,8,0,3,true
11,8,0,3,true
12,8,0,3,true
13,8,0,3,true
14,8,0,3,true
15,8,0,3,true
15,9,0,3,true
15,10,0,3,true
15,11,0,3,true
13,10,0,3,true
16,11,0,3,true
16,10,0,3,true
16,9,0,3,true
16,8,0,3,true
7,8,0,3,true
6,8,0,3,true
5,8,0,3,true
4,8,0,3,true
3,8,0,3,true
2,8,0,3,true
1,8,0,3,true
0,8,0,3,true
0,9,0,3,true
0,10,0,3,true
0,11,0,3,true
0,12,0,3,true
1,12,0,3,true
2,12,0,3,true
3,12,0,3,true
4,11,0,3,true
5,11,0,3,true
6,11,0,3,true
7,11,0,3,true
8,11,0,3,true
7,10,0,3,true
7,9,0,3,true
8,7,0,3,true
8,6,0,3,true
8,5,0,3,true
8,4,0,3,true
8,3,0,3,true
8,2,0,3,true
8,1,0,3,true
8,0,0,3,true
9,0,0,3,true
10,0,0,3,true
11,0,0,3,true
12,0,0,3,true
13,0,0,3,true
14,0,0,3,true
15,0,0,3,true
15,1,0,3,true
15,2,0,3,true
15,3,0,3,true
15,4,0,3,true
15,5,0,3,true
15,6,0,3,true
15,7,0,3,true
14,7,0,3,true
13,7,0,3,true
12,7,0,3,true
11,7,0,3,true
10,7,0,3,true
9,7,0,3,true
8,7,0,3,true
16,8,0,3,true
16,9,0,3,true
16,10,0,3,true
16,11,0,3,true
17,11,0,3,true
18,11,0,3,true
19,11,0,3,true
20,12,0,3,true
21,12,0,3,true
22,12,0,3,true
23,12,0,3,true
24,12,0,3,true
24,13,0,3,true
25,13,0,3,true
26,14,0,3,true
27,14,0,3,true
28,14,0,3,true
29,14,0,3,true
30,13,0,3,true
31,13,0,3,true
31,12,0,3,true
31,11,0,3,true
31,10,0,3,true
31,9,0,3,true
31,8,0,3,true
30,8,0,3,true
29,8,0,3,true
28,8,0,3,true
27,8,0,3,true
26,8,0,3,true
25,8,0,3,true
24,8,0,3,true
23,8,0,3,true
22,8,0,3,true
21,8,0,3,true
20,8,0,3,true
19,8,0,3,true
18,8,0,3,true
17,8,0,3,true
16,8,0,3,true
23,9,0,3,true
23,10,0,3,true
23,11,0,3,true
24,11,0,3,true
24,10,0,3,true
24,9,0,3,true
1,27,4,0,true
5,30,4,0,true
5,27,4,0,true
9,27,4,0,true
13,27,4,0,true
2,27,0,0,true
2,28,0,0,true
2,29,0,0,true
2,30,0,0,true
3,30,0,0,true
1,30,0,0,true
1,29,0,0,true
1,28,0,0,true
5,28,0,0,true
6,27,0,0,true
6,28,0,0,true
6,29,0,0,true
6,30,0,0,true
7,29,0,0,true
8,30,0,0,true
9,30,0,0,true
10,30,0,0,true
10,29,0,0,true
9,29,0,0,true
9,28,0,0,true
10,28,0,0,true
10,27,0,0,true
13,28,0,0,true
13,29,0,0,true
14,29,0,0,true
14,30,0,0,true
14,28,0,0,true
14,27,0,0,true
0,26,0,3,true
0,27,0,3,true
0,28,0,3,true
0,29,0,3,true
0,30,0,3,true
0,31,0,3,true
1,31,0,3,true
2,31,0,3,true
3,31,0,3,true
4,31,0,3,true
4,30,0,3,true
4,29,0,3,true
5,29,0,3,true
3,29,0,3,true
3,28,0,3,true
4,28,0,3,true
4,27,0,3,true
3,27,0,3,true
1,26,0,3,true
2,26,0,3,true
3,26,0,3,true
4,26,0,3,true
5,26,0,3,true
6,26,0,3,true
7,26,0,3,true
7,27,0,3,true
7,28,0,3,true
8,28,0,3,true
8,29,0,3,true
7,30,0,3,true
8,27,0,3,true
8,26,0,3,true
9,26,0,3,true
10,26,0,3,true
11,26,0,3,true
12,26,0,3,true
13,26,0,3,true
14,26,0,3,true
15,26,0,3,true
15,27,0,3,true
15,28,0,3,true
15,29,0,3,true
15,30,0,3,true
15,31,0,3,true
14,31,0,3,true
13,31,0,3,true
12,31,0,3,true
11,31,0,3,true
10,31,0,3,true
9,31,0,3,true
8,31,0,3,true
7,31,0,3,true
6,31,0,3,true
5,31,0,3,true
4,31,0,3,true
3,31,0,3,true
2,31,0,3,true
1,31,0,3,true
0,31,0,3,true
12,30,0,3,true
11,30,0,3,true
11,29,0,3,true
12,29,0,3,true
12,28,0,3,true
11,28,0,3,true
11,27,0,3,true
12,27,0,3,true
17,21,4,0,true
21,22,4,0,true
21,23,4,0,true
21,24,4,0,true
25,22,4,0,true
24,23,4,0,true
29,21,4,0,true
33,21,4,0,true
33,22,4,0,true
33,23,4,0,true
34,22,4,0,true
37,22,4,0,true
38,21,4,0,true
18,21,0,0,true
18,22,0,0,true
18,23,0,0,true
18,24,0,0,true
18,25,0,0,true
18,26,0,0,true
18,27,0,0,true
17,27,0,0,true
17,26,0,0,true
17,25,0,0,true
17,24,0,0,true
17,23,0,0,true
17,22,0,0,true
21,25,0,0,true
22,25,0,0,true
22,24,0,0,true
22,23,0,0,true
23,24,0,0,true
23,25,0,0,true
23,26,0,0,true
22,26,0,0,true
22,27,0,0,true
21,27,0,0,true
21,28,0,0,true
22,28,0,0,true
22,29,0,0,true
23,29,0,0,true
23,28,0,0,true
23,27,0,0,true
23,26,0,0,true
23,25,0,0,true
23,24,0,0,true
24,25,0,0,true
24,26,0,0,true
24,27,0,0,true
24,28,0,0,true
24,29,0,0,true
25,29,0,0,true
25,28,0,0,true
25,27,0,0,true
25,26,0,0,true
25,24,0,0,true
25,23,0,0,true
26,21,0,0,true
26,22,0,0,true
26,23,0,0,true
26,24,0,0,true
26,25,0,0,true
26,27,0,0,true
26,28,0,0,true
30,27,0,0,true
30,26,0,0,true
30,25,0,0,true
30,24,0,0,true
30,23,0,0,true
30,22,0,0,true
30,21,0,0,true
29,22,0,0,true
29,23,0,0,true
29,24,0,0,true
29,25,0,0,true
29,26,0,0,true
29,27,0,0,true
33,28,0,0,true
33,27,0,0,true
33,26,0,0,true
33,24,0,0,true
34,24,0,0,true
34,23,0,0,true
34,25,0,0,true
34,26,0,0,true
34,27,0,0,true
34,28,0,0,true
35,28,0,0,true
35,27,0,0,true
35,26,0,0,true
35,25,0,0,true
35,24,0,0,true
35,23,0,0,true
35,22,0,0,true
36,22,0,0,true
36,23,0,0,true
36,24,0,0,true
36,25,0,0,true
36,26,0,0,true
36,27,0,0,true
36,28,0,0,true
37,28,0,0,true
37,27,0,0,true
37,26,0,0,true
37,25,0,0,true
37,24,0,0,true
37,23,0,0,true
38,22,0,0,true
38,24,0,0,true
38,25,0,0,true
38,26,0,0,true
38,27,0,0,true
38,28,0,0,true
16,20,0,3,true
16,21,0,3,true
16,22,0,3,true
16,23,0,3,true
16,24,0,3,true
16,25,0,3,true
16,26,0,3,true
16,27,0,3,true
16,28,0,3,true
17,28,0,3,true
18,28,0,3,true
19,28,0,3,true
19,27,0,3,true
19,26,0,3,true
19,25,0,3,true
19,24,0,3,true
19,23,0,3,true
19,22,0,3,true
19,21,0,3,true
19,20,0,3,true
18,20,0,3,true
17,20,0,3,true
16,20,0,3,true
16,21,0,3,true
20,21,0,3,true
20,22,0,3,true
20,23,0,3,true
20,24,0,3,true
20,25,0,3,true
20,26,0,3,true
20,27,0,3,true
20,28,0,3,true
21,29,0,3,true
22,30,0,3,true
23,30,0,3,true
24,30,0,3,true
25,30,0,3,true
26,29,0,3,true
21,20,0,3,true
22,21,0,3,true
23,22,0,3,true
24,22,0,3,true
25,21,0,3,true
27,20,0,3,true
28,20,0,3,true
28,21,0,3,true
27,21,0,3,true
27,22,0,3,true
28,22,0,3,true
28,23,0,3,true
27,23,0,3,true
27,24,0,3,true
28,24,0,3,true
27,25,0,3,true
27,26,0,3,true
28,26,0,3,true
28,27,0,3,true
27,28,0,3,true
29,28,0,3,true
30,28,0,3,true
31,28,0,3,true
32,28,0,3,true
32,27,0,3,true
31,27,0,3,true
31,26,0,3,true
32,26,0,3,true
32,25,0,3,true
31,25,0,3,true
31,24,0,3,true
32,24,0,3,true
32,23,0,3,true
31,23,0,3,true
31,22,0,3,true
32,22,0,3,true
32,21,0,3,true
31,21,0,3,true
26,20,0,3,true
27,20,0,3,true
28,20,0,3,true
29,20,0,3,true
30,20,0,3,true
31,20,0,3,true
32,20,0,3,true
33,20,0,3,true
34,21,0,3,true
35,21,0,3,true
36,21,0,3,true
37,21,0,3,true
38,20,0,3,true
39,20,0,3,true
39,21,0,3,true
39,22,0,3,true
39,23,0,3,true
39,24,0,3,true
39,25,0,3,true
39,26,0,3,true
39,27,0,3,true
39,28,0,3,true
38,29,0,3,true
37,29,0,3,true
36,29,0,3,true
35,29,0,3,true
34,29,0,3,true
33,29,0,3,true
41,22,4,0,true
41,21,4,0,true
42,21,4,0,true
45,17,4,0,true
46,21,4,0,true
45,21,4,0,true
45,22,4,0,true
49,21,4,0,true
50,21,4,0,true
53,21,4,0,true
54,21,4,0,true
42,22,0,0,true
42,23,0,0,true
41,23,0,0,true
45,18,0,0,true
46,18,0,0,true
46,17,0,0,true
49,22,0,0,true
50,22,0,0,true
53,22,0,0,true
54,22,0,0,true
40,24,0,3,true
40,23,0,3,true
40,22,0,3,true
40,21,0,3,true
40,20,0,3,true
41,20,0,3,true
42,20,0,3,true
43,20,0,3,true
43,21,0,3,true
43,22,0,3,true
43,23,0,3,true
43,24,0,3,true
42,24,0,3,true
41,24,0,3,true
44,24,0,3,true
45,24,0,3,true
45,23,0,3,true
44,23,0,3,true
44,22,0,3,true
44,21,0,3,true
44,20,0,3,true
44,19,0,3,true
44,18,0,3,true
44,17,0,3,true
44,16,0,3,true
45,16,0,3,true
46,16,0,3,true
47,16,0,3,true
47,17,0,3,true
47,18,0,3,true
47,19,0,3,true
46,19,0,3,true
45,19,0,3,true
45,20,0,3,true
46,20,0,3,true
47,20,0,3,true
47,21,0,3,true
47,22,0,3,true
46,22,0,3,true
45,23,0,3,true
45,24,0,3,true
48,22,0,3,true
48,21,0,3,true
48,20,0,3,true
50,20,0,3,true
51,20,0,3,true
51,21,0,3,true
51,22,0,3,true
52,22,0,3,true
52,21,0,3,true
52,20,0,3,true
53,20,0,3,true
54,20,0,3,true
55,20,0,3,true
55,21,0,3,true
55,22,0,3,true
55,23,0,3,true
55,24,0,3,true
54,24,0,3,true
54,23,0,3,true
49,20,0,3,true
38,23,0,0,true
23,23,0,0,true
24,24,0,0,true
25,25,0,0,true
26,26,0,0,true
28,25,0,3,true
20,20,0,3,true
13,30,0,0,true
8,8,0,3,true
14,10,0,3,true
22,22,3,0,true
9,6,0,0,true
10,6,0,0,true
11,6,0,0,true
12,6,0,0,true
13,6,0,0,true
14,6,0,0,true
14,5,0,0,true
13,5,0,0,true
12,5,0,0,true
11,5,0,0,true
10,5,0,0,true
9,5,0,0,true
9,4,0,0,true
10,4,0,0,true
11,4,0,0,true
12,4,0,0,true
13,4,0,0,true
14,4,0,0,true
14,3,0,0,true
13,3,0,0,true
12,3,0,0,true
11,3,0,0,true
10,3,0,0,true
10,2,0,0,true
11,2,0,0,true
12,2,0,0,true
13,2,0,0,true
14,2,0,0,true
14,1,0,0,true
13,1,0,0,true
12,1,0,0,true
27,10,0,0,true
10,10,0,3,true
12,12,0,3,true
9,9,4,0,true
11,11,4,0,true
21,26,4,0,true
29,28,0,3,true
33,25,0,0,true
31,27,0,3,true
32,28,0,3,true
31,28,0,3,true
32,28,0,3,true
27,28,0,3,true
27,28,0,3,true
28,28,0,3,true
27,27,0,3,true
